    -0.61946230     -0.34419195     -0.13682529     -0.90063691     -0.53933060     -0.27865657     -1.10721243     -0.57032229     -0.93143582     -1.77626881     -1.44622150     -0.96581663     -0.26475389     -0.89372361     -0.70250984     -0.70725927  
    -0.88686357     -0.43314588     -0.80410080     -1.32242886     -0.79009289     -0.56224912     -1.62847918     -0.59135422     -1.06652147     -2.11976781     -1.80967810     -1.18779955     -0.08042885     -0.94632528     -0.64392090     -0.41026703  
    -1.01539203     -0.48418787     -1.34930591     -1.55253548     -0.88061130     -0.81129644     -1.85624340     -0.48209133     -1.01837021     -2.02048241     -1.78470490     -1.15988445      0.12147879     -0.72807846     -0.42137333      0.01427574  
    -0.98439075     -0.48434750     -1.56611062     -1.53268103     -0.77062555     -0.92740963     -1.74341588     -0.32621265     -0.83479753     -1.60230958     -1.42917356     -0.92733407      0.24012820     -0.37962876     -0.15174027      0.36101757  
    -0.86567619     -0.42059448     -1.46671161     -1.32885376     -0.50354857     -0.90605495     -1.40678208     -0.20924725     -0.69895346     -1.17078468     -0.97856711     -0.65294782      0.18496330     -0.17860053     -0.03737408      0.37011656  
    -0.75354870     -0.27773553     -1.23134659     -1.06916177     -0.20099043     -0.80408735     -1.02284459     -0.16260799     -0.76202200     -0.97538429     -0.66582348     -0.48605322     -0.04240512     -0.32696470     -0.20120814     -0.04985628  
    -0.69112145     -0.06967421     -1.03469843     -0.85163151     -0.00963417     -0.66962343     -0.70689313     -0.16043364     -0.99452675     -1.03491571     -0.56141339     -0.45151946     -0.32228055     -0.78193701     -0.56862959     -0.70124669  
    -0.65865766      0.12274704     -0.91712786     -0.69517866     -0.00204231     -0.52459410     -0.47653028     -0.15727560     -1.21752930     -1.17233062     -0.57061507     -0.46141286     -0.49372790     -1.28428923     -0.92131940     -1.22900190  
    -0.61380493      0.17913746     -0.79492615     -0.56028025     -0.09310781     -0.39631374     -0.30590051     -0.13281437     -1.26644379     -1.19874786     -0.56540871     -0.42517706     -0.47946888     -1.54720190     -1.06689305     -1.38508377  
    -0.53058509      0.04218776     -0.56512794     -0.40963529     -0.07818029     -0.32244088     -0.18968640     -0.11362008     -1.10601164     -1.06156618     -0.50445625     -0.33625677     -0.34000585     -1.43591247     -0.95693057     -1.16772734  
    -0.41088642     -0.20469409     -0.20652456     -0.25213138      0.18620939     -0.30961101     -0.14478614     -0.14995719     -0.81542900     -0.84398064     -0.43543776     -0.25491978     -0.20443928     -1.02384765     -0.67690077     -0.75131904  
    -0.27551249     -0.38466839      0.18679879     -0.12706896      0.61409954     -0.30548710     -0.16196349     -0.25900293     -0.50506910     -0.65361069     -0.40730031     -0.22508202     -0.14959523     -0.52471556     -0.36245730     -0.33823674  
    -0.14527164     -0.37063454      0.45695841     -0.04268498      0.93309420     -0.22715354     -0.18086955     -0.39357605     -0.23517510     -0.51489534     -0.39454255     -0.21937913     -0.14243372     -0.14867415     -0.11105170     -0.05744469  
    -0.02218203     -0.18609461      0.49132733      0.05710167      0.92977452     -0.01568866     -0.13103665     -0.48681033      0.03809567     -0.34916240     -0.30122090     -0.15834381     -0.08363846      0.04920077      0.08594166      0.08934145  
     0.10814533      0.03107416      0.30311028      0.23590246      0.63923392      0.33051094     -0.00212269     -0.53610419      0.44996101     -0.04691959     -0.03614274      0.02632973      0.11323399      0.22635785      0.35971185      0.24927280  
     0.24190911      0.15148359     -0.00127921      0.45775442      0.25844944      0.74785351      0.13096058     -0.62186140      1.10337210      0.42744829      0.40147801      0.33906345      0.47978391      0.63498640      0.87640878      0.64263031  
     0.32590237      0.14307851     -0.33489808      0.55626107     -0.10959358      1.11700075      0.16013099     -0.81865558      1.90437727      0.97811579      0.89283170      0.70738646      0.98411628      1.38623751      1.66612966      1.36518040  
     0.28354457      0.06430256     -0.68491284      0.35198668     -0.55486452      1.30473721      0.02495112     -1.09175567      2.54318862      1.41166423      1.25099497      1.00682104      1.52099665      2.29869874      2.51711031      2.23161627  
     0.08467871     -0.01660149     -1.04804151     -0.17700650     -1.17342699      1.23096692     -0.25156220     -1.30151214      2.69867124      1.54139542      1.32439012      1.11591814      1.92129522      2.99045766      3.07394068      2.86376239  
    -0.22178130     -0.10531279     -1.35342966     -0.84641785     -1.83900898      0.90722460     -0.58245548     -1.31508691      2.28677978      1.30011060      1.09921079      0.99227297      2.02691308      3.14790021      3.08490131      2.97887461  
    -0.55373557     -0.28689655     -1.50105795     -1.39752385     -2.23932485      0.41266856     -0.85130824     -1.10868421      1.50719757      0.79443506      0.73725034      0.72735083      1.80347878      2.73684057      2.58227644      2.60016636  
    -0.86728508     -0.63247417     -1.48727817     -1.69055769     -2.16346229     -0.15869076     -0.94971344     -0.77067042      0.66324672      0.25552872      0.49944187      0.51524132      1.38738560      1.99161174      1.84413064      2.00126303  
    -1.17216502     -1.09295825     -1.45307395     -1.78364882     -1.72495582     -0.72218361     -0.82632527     -0.42663154     -0.04100435     -0.09358763      0.58514971      0.53029455      1.00186576      1.22971052      1.19284395      1.47586972  
    -1.47843883     -1.50296873     -1.55702669     -1.83403139     -1.27356947     -1.19066661     -0.52034838     -0.16705155     -0.54609635     -0.16007200      1.00629189      0.80694456      0.80275401      0.67083156      0.81129401      1.16035156  
    -1.74311527     -1.71296942     -1.78635342     -1.92895928     -1.08621816     -1.47337811     -0.13730597     -0.02663592     -0.85068737     -0.00204897      1.59935338      1.22748221      0.78695828      0.38475149      0.70104998      1.02657679  
    -1.87953135     -1.71273385     -1.92116866     -2.00765761     -1.14342160     -1.51227133      0.22239187     -0.00087525     -0.94050323      0.25118737      2.15224764      1.61944592      0.83047217      0.34147854      0.75898377      0.97964673  
    -1.81231783     -1.60144110     -1.71779599     -1.92571886     -1.18585424     -1.31707404      0.51343075     -0.06218503     -0.80154062      0.49496907      2.51801402      1.85902079      0.80171322      0.46497257      0.86961797      0.94088795  
    -1.51535600     -1.44140738     -1.13596524     -1.57356355     -0.96598188     -0.95177828      0.73284231     -0.16077007     -0.46146047      0.68976879      2.63045316      1.89694869      0.65040344      0.65153392      0.94859169      0.86908945  
    -1.00976097     -1.18003341     -0.37834413     -0.93983953     -0.44740089     -0.49244829      0.88818919     -0.22324817     -0.00124978      0.84904451      2.46763866      1.73156362      0.41900207      0.78554212      0.94141930      0.74289074  
    -0.35233300     -0.73409118      0.29211767     -0.10108250      0.21308991     -0.01426027      1.00589504     -0.16840570      0.45455931      1.01289420      2.05236430      1.40013254      0.19038228      0.77580855      0.81038760      0.54326254  
     0.36321434     -0.12098095      0.76298242      0.81117745      0.83824696      0.39256532      1.16289072      0.05454527      0.76134594      1.22871366      1.49879091      1.00244128      0.02257840      0.59442016      0.53995610      0.26388863  
     1.01553403      0.52515164      1.11277174      1.64265986      1.36072911      0.64306806      1.47325701      0.42315082      0.82212150      1.53799560      1.02911634      0.70330932     -0.07880361      0.29369798      0.16924973     -0.05352021  
     1.50206689      1.05529560      1.48068985      2.26940244      1.80037326      0.73308158      2.00825926      0.82970618      0.68945848      1.96521288      0.89631412      0.67022904     -0.13584054     -0.00207522     -0.17811959     -0.29960211  
     1.79044445      1.39332699      1.91368273      2.65170728      2.15448144      0.77871544      2.70609334      1.12352000      0.59182385      2.50026974      1.23707993      0.97066771     -0.15334413     -0.13005167     -0.31946308     -0.33399540  
     1.90980035      1.52683160      2.30461449      2.81823585      2.33286163      0.92631140      3.34578356      1.19053404      0.78447317      3.06320506      1.94859865      1.50062785     -0.10180295      0.03871409     -0.11550041     -0.07237332  
     1.88255514      1.45306964      2.43717016      2.77951777      2.19499167      1.19338106      3.62462983      1.01809692      1.31111645      3.48042622      2.69254474      2.00895716      0.05528844      0.50466054      0.41087493      0.43443293  
     1.68454479      1.17244897      2.11869498      2.48468488      1.65609926      1.41998603      3.32403984      0.69564380      1.91195864      3.53791821      3.06344654      2.22550758      0.31552394      1.09875953      1.04802487      0.99390617  
     1.30041478      0.74206439      1.35445737      1.90714685      0.79341531      1.41235634      2.47405290      0.35099609      2.20272135      3.11501759      2.82418785      2.01595307      0.61156323      1.55380054      1.50308593      1.35577364  
     0.81808917      0.31548237      0.43405175      1.17342015     -0.12506341      1.14173875      1.38014621      0.07654342      1.97908755      2.29419568      2.03027418      1.44798617      0.83092742      1.65126629      1.56986581      1.35001285  
     0.43328015      0.09241594     -0.20359971      0.55776494     -0.74420708      0.78359980      0.45002964     -0.09677852      1.36904098      1.33323926      0.95162496      0.72127659      0.87730693      1.34034098      1.23606874      0.99815719  
     0.32028831      0.18227057     -0.27706844      0.30133212     -0.82591107      0.54881400     -0.06758017     -0.17259991      0.70270004      0.50823168     -0.12157361      0.02962776      0.73635680      0.75225980      0.66355585      0.50578227  
     0.48095565      0.48666223      0.11448298      0.42249505     -0.41756228      0.48628568     -0.21962229     -0.15831935      0.24106434     -0.04290807     -1.01954351     -0.52791659      0.49970095      0.11450776      0.07610293      0.12230005  
     0.72433656      0.73307643      0.57138799      0.70152560      0.15927314      0.46148081     -0.25541000     -0.07085166      0.01429355     -0.36374949     -1.70041878     -0.93939807      0.31664426     -0.37681865     -0.35961788     -0.02428046  
     0.80148935      0.67392892      0.70487186      0.83727271      0.50885756      0.30818072     -0.41293699      0.04478162     -0.13160952     -0.61393374     -2.18786873     -1.23066166      0.28827161     -0.66282509     -0.60277391      0.01201641  
     0.57309217      0.28521798      0.38693087      0.62940306      0.40222592     -0.02870520     -0.77152548      0.13511652     -0.38123179     -0.95669028     -2.51912980     -1.43495266      0.38159259     -0.84125106     -0.73700815      0.06372834  
     0.08132592     -0.22924133     -0.24004681      0.07401102     -0.10514374     -0.48686028     -1.23885908      0.19004307     -0.82538387     -1.44123095     -2.70463190     -1.57270724      0.44880520     -1.06226231     -0.89503680     -0.02869240  
    -0.49307822     -0.62700290     -0.90090222     -0.63917797     -0.73034409     -0.96379175     -1.61544540      0.26308599     -1.41217547     -1.93162095     -2.69177673     -1.62125138      0.34764320     -1.36966771     -1.14648030     -0.32156750  
    -0.92793235     -0.80665792     -1.31092555     -1.21031609     -1.14030948     -1.36039599     -1.68113365      0.42497191     -1.96100968     -2.15462391     -2.37646371     -1.50482966      0.05993705     -1.63755620     -1.43081744     -0.72863485  
    -1.05944016     -0.80912851     -1.26976678     -1.38328140     -1.14753229     -1.57671958     -1.30321383      0.69254881     -2.24196602     -1.87920703     -1.69353101     -1.14918299     -0.29948912     -1.67706848     -1.59963693     -1.05924486  
    -0.85294684     -0.68806924     -0.76311204     -1.10017595     -0.80493645     -1.52835483     -0.54667277      1.00157412     -2.10969070     -1.11613164     -0.73274457     -0.58392947     -0.59780543     -1.41567144     -1.54634544     -1.15365216  
    -0.40539453     -0.42613427      0.00565054     -0.52667917     -0.32360927     -1.19740012      0.30718713      1.24135053     -1.60404173     -0.16324933      0.23324507      0.00296066     -0.81656639     -0.97061244     -1.31086388     -1.03967489  
     0.13356340      0.01880710      0.74674272      0.09678596      0.12229185     -0.65521632      0.90476641      1.31771738     -0.92058387      0.57061692      0.86551174      0.34136644     -1.06601788     -0.55396822     -1.05967433     -0.94965076  
     0.66363143      0.62477599      1.29025918      0.64517207      0.51773127     -0.02077665      1.04078414      1.20751503     -0.27629553      0.82411191      0.93775860      0.24158735     -1.46621123     -0.32754937     -0.96859292     -1.14812937  
     1.16984710      1.29718041      1.66096789      1.15537684      0.94588089      0.59965424      0.76812662      0.97919346      0.19805270      0.60761755      0.43803572     -0.29509809     -2.02442677     -0.34898915     -1.12500143     -1.72872928  
     1.66727668      1.93757032      1.95785593      1.70097939      1.44076446      1.12803058      0.30798460      0.76284704      0.45694690      0.11658332     -0.46441105     -1.10288205     -2.63149514     -0.61255516     -1.51758143     -2.56758108  
     2.11722555      2.47775135      2.19480236      2.24328452      1.92167071      1.48321115     -0.14266349      0.67950014      0.47494396     -0.45682623     -1.53578475     -1.97071626     -3.15451473     -1.09476234     -2.08199588     -3.43851183  
     2.40062577      2.83389136      2.27601026      2.61121937      2.24503024      1.56632794     -0.52678580      0.77313995      0.21813930     -1.03940096     -2.57500987     -2.73754568     -3.50687643     -1.74955557     -2.73248944     -4.14263111  
     2.38565292      2.88076397      2.10359707      2.62580317      2.28700594      1.31757496     -0.88209695      0.99061239     -0.29871177     -1.62956473     -3.42482691     -3.29783893     -3.64098662     -2.46534037     -3.34928329     -4.55131011  
     2.04312133      2.54242153      1.67874602      2.25374565      2.00285073      0.80630619     -1.22178033      1.21820808     -0.92793794     -2.16367185     -3.93394739     -3.56629100     -3.52790495     -3.03853738     -3.76222671     -4.59686586  
     1.50832157      1.92968493      1.10616092      1.65563137      1.47375314      0.25033168     -1.47643562      1.34458699     -1.38682802     -2.45688491     -3.95328884     -3.47643180     -3.18617529     -3.22089349     -3.78720998     -4.26911052  
     1.02224356      1.34966873      0.53749138      1.09230860      0.91553451     -0.08440234     -1.52713121      1.31152200     -1.38155417     -2.28808570     -3.38668085     -3.00969675     -2.71447845     -2.84109609     -3.31252275     -3.61081833  
     0.78652108      1.11758827      0.11974879      0.77229300      0.58778824     -0.03972544     -1.27216206      1.13187630     -0.79077276     -1.55498590     -2.25705954     -2.21223702     -2.25104574     -1.92555462     -2.37898408     -2.70577503  
     0.84189992      1.31392819     -0.04188208      0.75442516      0.63235442      0.33925336     -0.69171332      0.87108649      0.21925479     -0.38411198     -0.75532362     -1.20120674     -1.88563018     -0.72564795     -1.20165816     -1.69400188  
     1.05969087      1.71263926      0.07435431      0.95122054      0.97221596      0.83765203      0.08740216      0.60432531      1.24594211      0.86279884      0.74495168     -0.18674428     -1.62839951      0.37394486     -0.11750868     -0.80686403  
     1.23930179      1.95293552      0.37317522      1.19350490      1.35251351      1.20160334      0.76483816      0.38323414      1.85310351      1.69329988      1.74943301      0.52459615     -1.46716717      1.00665016      0.52595525     -0.33318764  
     1.22793200      1.80130678      0.66572431      1.30117820      1.47846315      1.27055007      0.96728091      0.23772156      1.79695944      1.68977252      1.83211538      0.62965595     -1.42299120      0.96009869      0.50938039     -0.46439065  
     0.98764261      1.29145860      0.77501784      1.14740304      1.17065621      1.03559002      0.48540207      0.18846087      1.13236656      0.74991311      0.89609765      0.02770477     -1.52203685      0.26048262     -0.14403746     -1.12504171  
     0.59341024      0.66863887      0.65698359      0.71941490      0.48888543      0.61266034     -0.51991749      0.22959893      0.15033835     -0.78900001     -0.68675280     -1.03868705     -1.72302701     -0.81616334     -1.14692821     -1.96750063  
     0.18248550      0.21883278      0.42289451      0.14384951     -0.24919176      0.16732363     -1.55338629      0.29887846     -0.78556784     -2.27650834     -2.21685488     -2.06337764     -1.90177287     -1.83737141     -2.06059277     -2.56965781  
    -0.11243986      0.10291717      0.24029998     -0.36075845     -0.63329202     -0.15624827     -2.07759254      0.29843730     -1.38381676     -3.07929990     -3.02202247     -2.55016441     -1.92333998     -2.39636880     -2.49664644     -2.67458424  
    -0.20844553      0.28076459      0.21939821     -0.58337347     -0.44702401     -0.26494981     -1.83218262      0.17789248     -1.47616674     -2.88472782     -2.77440539     -2.27317204     -1.73053964     -2.27921423     -2.28386664     -2.28109591  
    -0.08679268      0.55588644      0.38111172     -0.42001874      0.15343098     -0.12067548     -0.94025935     -0.00258620     -1.01681141     -1.79150926     -1.58174650     -1.34736470     -1.36769785     -1.52395093     -1.50820747     -1.55642346  
     0.19432302      0.70270077      0.67547129      0.05709297      0.75182596      0.23301443      0.21826262     -0.11292402     -0.11629859     -0.21135059      0.12511131     -0.11506200     -0.93640902     -0.38245250     -0.44161489     -0.70138111  
     0.48686470      0.58990119      0.97747618      0.59698076      0.99132194      0.63396666      1.21288285     -0.06939982      0.91580836      1.30013420      1.78603839      1.02762852     -0.53941262      0.76535796      0.57274445      0.10901809  
     0.59414210      0.22862148      1.08713273      0.88174387      0.81262786      0.84049265      1.72683622      0.09190444      1.65225596      2.24139434      2.91614847      1.77505402     -0.24739702      1.54373389      1.24348289      0.72036348  
     0.39284653     -0.26032839      0.82376813      0.72879154      0.42459918      0.68226655      1.66322585      0.25487341      1.79297154      2.38552409      3.29144327      2.01029524     -0.07952643      1.75832918      1.45019714      1.02388446  
    -0.04203377     -0.70800535      0.20302152      0.24251181      0.09381542      0.22147886      1.18142728      0.32230872      1.40046986      1.91105724      3.03090360      1.83372615      0.00088660      1.51846654      1.30326989      1.03159704  
    -0.44071335     -0.94539958     -0.47936078     -0.23486189     -0.03850065     -0.23950841      0.61137443      0.27622881      0.88340861      1.28707465      2.48072564      1.47891889      0.05457362      1.16370539      1.06609182      0.89878366  
    -0.51404738     -0.85651395     -0.82037357     -0.36660562     -0.00226045     -0.35896344      0.25243401      0.16542286      0.69395546      0.94701711      1.96094319      1.15181912      0.11869757      1.01307447      0.96791302      0.82293546  
    -0.17884754     -0.45629258     -0.64292386     -0.07182345      0.06925817     -0.02214261      0.18602461      0.05417192      0.98907969      1.00797092      1.58108052      0.91917995      0.19775710      1.15027461      1.06249630      0.90536835  
     0.35993296      0.06641425     -0.17026614      0.42102089      0.05266630      0.55377763      0.25523644     -0.02233957      1.54085257      1.25632926      1.26114967      0.73112934      0.29914899      1.41957328      1.24530067      1.11334380  
     0.74582283      0.42145983      0.15452207      0.75018523     -0.07675389      0.97245199      0.23101608     -0.07452416      1.93881470      1.36922797      0.89433251      0.53263645      0.45757254      1.58916447      1.37882594      1.35713437  
     0.71251262      0.38304749      0.04309821      0.67166237     -0.24825064      0.94568701      0.01863697     -0.14575962      1.88809938      1.16114355      0.48672387      0.34881880      0.70840870      1.51709401      1.39620701      1.57293565  
     0.25242623     -0.07118243     -0.41097539      0.20994936     -0.38421726      0.49472655     -0.26037180     -0.27621188      1.39185072      0.69744248      0.17907560      0.28120328      1.04150470      1.22339303      1.32357193      1.73657554  
    -0.38417709     -0.74660588     -0.82908402     -0.36094074     -0.46936570     -0.07267204     -0.35375913     -0.46139453      0.73985971      0.25691252      0.16658815      0.44081286      1.39672527      0.87490837      1.25362805      1.84899071  
    -0.85484347     -1.34943356     -0.86595286     -0.69897442     -0.53689735     -0.39131484     -0.06519446     -0.63879468      0.32067310      0.16950784      0.57122272      0.86996455      1.70888098      0.69836412      1.29850059      1.94488294  
    -0.96502752     -1.65993723     -0.49762816     -0.65638579     -0.63029429     -0.31603797      0.57191721     -0.72321934      0.34342670      0.57813751      1.32796267      1.48761931      1.94337486      0.83258994      1.51345964      2.08310106  
    -0.81768635     -1.65659462     -0.06201967     -0.43015421     -0.79845311     -0.03739543      1.25822812     -0.67031474      0.65520409      1.27333020      2.16526503      2.09166195      2.08278520      1.20240007      1.82276581      2.27253060  
    -0.73995728     -1.51999113     -0.01706503     -0.43325949     -1.08615815      0.06277577      1.59343122     -0.51621854      0.83292977      1.78251288      2.73493561      2.44955546      2.10620336      1.54194070      2.03729694      2.41489115  
    -1.02549483     -1.51101836     -0.59501913     -0.95708167     -1.47977238     -0.29336383      1.35132992     -0.35792467      0.51809560      1.70453084      2.82796580      2.44437575      2.01582763      1.58766614      1.99497972      2.38191956  
    -1.69403733     -1.78791813     -1.61558747     -1.91320037     -1.87062877     -1.06171853      0.64542618     -0.29032587     -0.27824098      1.01802870      2.49792116      2.15466530      1.87798662      1.28579092      1.70752070      2.17022194  
    -2.45961865     -2.27842178     -2.59747874     -2.87998493     -2.11487254     -1.89454874     -0.15999064     -0.34962585     -1.16773233      0.09049072      1.98074619      1.78062419      1.79880403      0.83148018      1.36116962      1.93791648  
    -2.91909273     -2.70530794     -3.06925783     -3.38898282     -2.13568625     -2.36263856     -0.70249303     -0.50443692     -1.66579919     -0.59641496      1.50246776      1.48603879      1.83850997      0.51681338      1.16953559      1.85947737  
    -2.80389209     -2.76156166     -2.83749448     -3.19602415     -1.94610907     -2.20859880     -0.81462802     -0.69382679     -1.50859429     -0.75007990      1.15573580      1.30922185      1.96334346      0.52325667      1.22362884      1.96603824  
    -2.12644011     -2.32038587     -2.04220223     -2.37014462     -1.59289527     -1.47456302     -0.54084526     -0.86995458     -0.78083814     -0.38767538      0.91827206      1.20321014      2.09143844      0.81142760      1.45730456      2.14470044  
    -1.16142898     -1.53681056     -1.02369720     -1.22532353     -1.13569454     -0.46435690     -0.04797229     -1.00523341      0.16591179      0.23345290      0.73590753      1.12127039      2.16901494      1.16262603      1.71176807      2.25878966  
    -0.30181452     -0.76854506     -0.14343470     -0.18144769     -0.68871565      0.40468261      0.45820271     -1.06738031      0.89246827      0.76971547      0.56787701      1.04507576      2.18779722      1.31620218      1.81519641      2.22895666  
     0.13644987     -0.36089406      0.34135982      0.41066941     -0.40748825      0.78687711      0.78991371     -1.00457141      1.06472773      0.95306545      0.38117188      0.95608639      2.14854009      1.11108065      1.64501591      2.03023926  
     0.06885111     -0.43665065      0.33357822      0.43189170     -0.37083127      0.56123211      0.82891833     -0.77522803      0.61264465      0.70922339      0.13626454      0.81432241      2.04401860      0.56553031      1.18680727      1.68937166  
    -0.34118640     -0.84159746     -0.10851100      0.03020437     -0.50007194     -0.12584920      0.55114098     -0.40329737     -0.23443595      0.16332390     -0.21498368      0.57060550      1.88524139     -0.13731909      0.56291258      1.30534287  
    -0.81714730     -1.28077636     -0.81265503     -0.51546257     -0.63402370     -0.96200319      0.01017996      0.00154058     -1.09725264     -0.47596930     -0.71239866      0.19421480      1.71312782     -0.75021000     -0.02440435      1.01249082  
    -1.13937076     -1.52013578     -1.53114771     -0.97315759     -0.66191501     -1.63990150     -0.67889512      0.29409749     -1.68094438     -1.04731510     -1.34279477     -0.29897699      1.55386041     -1.09309070     -0.41887345      0.86692780  
    -1.21560091     -1.48709078     -1.97349341     -1.21921988     -0.56233898     -1.96893216     -1.32876125      0.38001448     -1.89793072     -1.46681311     -1.99033184     -0.82450444      1.37132634     -1.13314851     -0.59845764      0.77752644  
    -1.03724014     -1.22199897     -1.87521370     -1.18772305     -0.35970894     -1.87351139     -1.69439895      0.26439045     -1.79973744     -1.66846637     -2.44656452     -1.23663516      1.09639764     -0.95952236     -0.64142517      0.59052560  
    -0.62145372     -0.77771554     -1.11970440     -0.84236991     -0.10058842     -1.35123738     -1.57626822      0.02558932     -1.44600127     -1.57499752     -2.52119456     -1.39203294      0.71683064     -0.68618398     -0.61706031      0.25723629  
    -0.02564687     -0.19384086      0.14662763     -0.23867305      0.13991549     -0.49104946     -0.97034405     -0.24908875     -0.88439153     -1.16946688     -2.18858779     -1.24479553      0.32442210     -0.38346086     -0.52820964     -0.09702211  
     0.59500579      0.43622539      1.50513278      0.41297388      0.28716121      0.46647875     -0.13250603     -0.50239251     -0.23910782     -0.59212053     -1.63512983     -0.89425889      0.05768722     -0.09590312     -0.35813839     -0.27843708  
     0.99447374      0.91556902      2.41412632      0.80768168      0.32281305      1.15432480      0.52944437     -0.69818868      0.25364662     -0.12624201     -1.14652769     -0.53379043     -0.00696503      0.10511453     -0.14688236     -0.19741622  
     0.95939617      1.02000612      2.46989111      0.72441083      0.27904004      1.25806109      0.68617051     -0.79560056      0.36200203     -0.03484331     -0.91808010     -0.33272658      0.08633003      0.12788807      0.00225668      0.04954628  
     0.46871863      0.67101755      1.64300484      0.18177890      0.16589422      0.73715231      0.29241262     -0.74979382      0.03358457     -0.36444449     -0.93401378     -0.33453981      0.21108186     -0.06282296     -0.00263609      0.25254281  
    -0.25004010      0.05199732      0.33692460     -0.55386686     -0.04241180     -0.11105574     -0.36787446     -0.54792381     -0.54367880     -0.88335448     -1.00189737     -0.43830925      0.25311497     -0.38902862     -0.16342993      0.25098561  
    -0.83064504     -0.46467664     -0.80092366     -1.10836358     -0.31010177     -0.82352888     -0.84192021     -0.24350654     -1.05663661     -1.22174567     -0.91228810     -0.47836911      0.18151798     -0.69678317     -0.38665261      0.04753289  
    -0.97766614     -0.55516864     -1.23449825     -1.19640249     -0.47699457     -1.05616048     -0.79452675      0.05557951     -1.26349742     -1.12146082     -0.60635929     -0.35502331      0.04496912     -0.85655718     -0.55690419     -0.22750443  
    -0.63136048     -0.16301310     -0.83509403     -0.76486192     -0.36219583     -0.76957260     -0.23289647      0.24828823     -1.12597942     -0.61359761     -0.23062932     -0.12443171     -0.09386351     -0.83888650     -0.62686347     -0.46121238  
     0.02157249      0.48040480      0.09746664     -0.00843302      0.05737506     -0.19626602      0.50412770      0.30059282     -0.79302248      0.00802741     -0.03263075      0.03252903     -0.22473027     -0.71196985     -0.64649080     -0.65786051  
     0.67971131      1.03728042      1.08379066      0.74103121      0.58873627      0.35585311      0.98915124      0.24871658     -0.46257470      0.39456273     -0.16470903     -0.04564441     -0.39513896     -0.57147398     -0.69971230     -0.88885122  
     1.09581503      1.28476525      1.76315972      1.18307037      0.94676557      0.70001770      0.98697929      0.14628548     -0.23544176      0.37106779     -0.55055300     -0.36088459     -0.64908147     -0.45922490     -0.80377990     -1.16237824  
     1.17979044      1.21374874      2.02453256      1.18780608      0.95055772      0.83166365      0.56850093      0.01755234     -0.07757939      0.02478663     -0.93178041     -0.74343881     -0.95914077     -0.34050793     -0.87515121     -1.37193411  
     1.00106209      0.97421109      1.94169674      0.84430644      0.64715887      0.84450025      0.01562205     -0.13171720      0.09091163     -0.38575384     -1.05897595     -0.97660264     -1.22095628     -0.16600699     -0.80734499     -1.38462660  
     0.72064773      0.75221498      1.64462562      0.40012578      0.28688664      0.80990233     -0.37622839     -0.27073862      0.28161223     -0.61282290     -0.87119285     -0.95246621     -1.32453657      0.04289157     -0.58833238     -1.17590607  
     0.50041382      0.66825494      1.24504270      0.11807104      0.15531097      0.73389245     -0.46817750     -0.33658553      0.41894762     -0.56641103     -0.52638500     -0.74042329     -1.24459367      0.18656316     -0.33432545     -0.87603783  
     0.42426720      0.72651606      0.82370133      0.12321243      0.35603738      0.60120405     -0.33466759     -0.28191923      0.42370045     -0.34316347     -0.26954371     -0.52403310     -1.06436834      0.17595791     -0.20034644     -0.68410523  
     0.45948104      0.81622869      0.43499786      0.33636855      0.71424206      0.42212086     -0.17529100     -0.12043129      0.28912600     -0.13357534     -0.24531301     -0.45436533     -0.90280593      0.01588782     -0.25717693     -0.72139490  
     0.48450740      0.77629332      0.10992806      0.54571149      0.91108883      0.22432794     -0.14007446      0.08417249      0.07016948     -0.07889623     -0.39461110     -0.53002058     -0.81357495     -0.21200415     -0.44953919     -0.94108579  
     0.38363363      0.51408122     -0.13264589      0.57131292      0.75202394      0.02816637     -0.20960430      0.26677608     -0.16932731     -0.17826323     -0.50969383     -0.60404510     -0.75863950     -0.42982132     -0.65478293     -1.16850662  
     0.15035130      0.10360147     -0.26780624      0.39930284      0.32841645     -0.14002935     -0.23757222      0.38882927     -0.37373811     -0.30937887     -0.40651098     -0.52066517     -0.67965468     -0.60229089     -0.77152320     -1.24582861  
    -0.09221233     -0.23567078     -0.26530575      0.17677971     -0.07132629     -0.22203720     -0.11188732      0.42977197     -0.48287631     -0.34102738     -0.07822906     -0.26432956     -0.58440350     -0.70896419     -0.76911507     -1.16064023  
    -0.18465644     -0.28867172     -0.12061656      0.07741886     -0.20496958     -0.15109505      0.12724028      0.37771733     -0.44527114     -0.24028586      0.29819597      0.01764987     -0.55240920     -0.71816017     -0.68255410     -1.04404507  
