0.00103059
-0.00110287
3.21244e-005
0.000944941
0.00174977
0.00253602
0.00332826
0.00408787
0.00473605
0.0051782
0.00532848
0.00512689
0.00455364
0.00363443
0.00244229
0.00109008
-0.000280825
-0.00151898
-0.00248218
-0.00305919
-0.00318574
-0.00285834
-0.00213574
-0.00113657
-2.22973e-005
0.00102149
0.00181446
0.00220544
0.00210005
0.00147368
0.000383057
-0.0010442
-0.00261932
-0.00412644
-0.00534765
-0.00610178
-0.00627583
-0.00583749
-0.0048606
-0.00350114
-0.00198977
-0.000595628
0.000416668
0.000828715
0.000501443
-0.000592285
-0.00235883
-0.00459228
-0.0070014
-0.00924716
-0.0109965
-0.011976
-0.0120191
-0.0110975
-0.00933595
-0.0070023
-0.00447513
-0.00218856
-0.000568296
3.77163e-005
-0.000582177
-0.00245786
-0.00542065
-0.00911387
-0.0130379
-0.0166158
-0.0192809
-0.0205627
-0.0201732
-0.0180621
-0.0144497
-0.00981247
-0.00483277
-0.000313071
0.00293795
0.00422613
0.00308941
-0.000607896
-0.00662086
-0.014317
-0.0227238
-0.0306271
-0.0367088
-0.0397098
-0.0385963
-0.0327113
-0.0218853
-0.00649403
0.0125454
0.0338488
0.0556938
0.0761986
0.0935213
0.106063
0.112646
0.112646
0.106063
0.0935213
0.0761986
0.0556938
0.0338488
0.0125454
-0.00649403
-0.0218853
-0.0327113
-0.0385963
-0.0397098
-0.0367088
-0.0306271
-0.0227238
-0.014317
-0.00662086
-0.000607896
0.00308941
0.00422613
0.00293795
-0.000313071
-0.00483277
-0.00981247
-0.0144497
-0.0180621
-0.0201732
-0.0205627
-0.0192809
-0.0166158
-0.0130379
-0.00911387
-0.00542065
-0.00245786
-0.000582177
3.77163e-005
-0.000568296
-0.00218856
-0.00447513
-0.0070023
-0.00933595
-0.0110975
-0.0120191
-0.011976
-0.0109965
-0.00924716
-0.0070014
-0.00459228
-0.00235883
-0.000592285
0.000501443
0.000828715
0.000416668
-0.000595628
-0.00198977
-0.00350114
-0.0048606
-0.00583749
-0.00627583
-0.00610178
-0.00534765
-0.00412644
-0.00261932
-0.0010442
0.000383057
0.00147368
0.00210005
0.00220544
0.00181446
0.00102149
-2.22973e-005
-0.00113657
-0.00213574
-0.00285834
-0.00318574
-0.00305919
-0.00248218
-0.00151898
-0.000280825
0.00109008
0.00244229
0.00363443
0.00455364
0.00512689
0.00532848
0.0051782
0.00473605
0.00408787
0.00332826
0.00253602
0.00174977
0.000944941
3.21244e-005
-0.00110287
0.00103059
