  0.016387336463522112000000,
 -0.041464936781759151000000,
 -0.067372554721963018000000,
  0.386110066821162220000000,
  0.812723635445542270000000,
  0.417005184421692540000000,
 -0.076488599078306393000000,
 -0.059434418646456898000000,
  0.023680171946334084000000,
  0.005611434819394499500000,
 -0.001823208870702993200000,
 -0.000720549445364512210000,


 -0.000720549445364512210000,
  0.001823208870702993200000,
  0.005611434819394499500000,
 -0.023680171946334084000000,
 -0.059434418646456898000000,
  0.076488599078306393000000,
  0.417005184421692540000000,
 -0.812723635445542270000000,
  0.386110066821162220000000,
  0.067372554721963018000000,
 -0.041464936781759151000000,
 -0.016387336463522112000000,
