 -0.000212080839803798270000,
  0.000358589687895737850000,
  0.002178236358109017800000,
 -0.004159358781386048000000,
 -0.010131117519849788000000,
  0.023408156785839195000000,
  0.028168028970936350000000,
 -0.091920010559696244000000,
 -0.052043163176243773000000,
  0.421566206690851490000000,
  0.774289603652956180000000,
  0.437991626171837120000000,
 -0.062035963962903569000000,
 -0.105574208703338930000000,
  0.041289208750181702000000,
  0.032683574267111833000000,
 -0.019761778942572639000000,
 -0.009164231162481845800000,
  0.006764185448053083200000,
  0.002433373212657672200000,
 -0.001662863702013083800000,
 -0.000638131343045111420000,
  0.000302259581813063150000,
  0.000140541149702034370000,
 -0.000041340432272512511000,
 -0.000021315026809955787000,
  0.000003734655175141404700,
  0.000002063761851364681400,
 -0.000000167442885768230170,
 -0.000000095176572738191650,


 -0.000000095176572738191650,
  0.000000167442885768230170,
  0.000002063761851364681400,
 -0.000003734655175141404700,
 -0.000021315026809955787000,
  0.000041340432272512511000,
  0.000140541149702034370000,
 -0.000302259581813063150000,
 -0.000638131343045111420000,
  0.001662863702013083800000,
  0.002433373212657672200000,
 -0.006764185448053083200000,
 -0.009164231162481845800000,
  0.019761778942572639000000,
  0.032683574267111833000000,
 -0.041289208750181702000000,
 -0.105574208703338930000000,
  0.062035963962903569000000,
  0.437991626171837120000000,
 -0.774289603652956180000000,
  0.421566206690851490000000,
  0.052043163176243773000000,
 -0.091920010559696244000000,
 -0.028168028970936350000000,
  0.023408156785839195000000,
  0.010131117519849788000000,
 -0.004159358781386048000000,
 -0.002178236358109017800000,
  0.000358589687895737850000,
  0.000212080839803798270000,
