 -0.003793512864491014100000,
  0.007782596427325418200000,
  0.023452696141836267000000,
 -0.065771911281855500000000,
 -0.061123390002672869000000,
  0.405176902409616900000000,
  0.793777222625620560000000,
  0.428483476377618740000000,
 -0.071799821619312018000000,
 -0.082301927106885983000000,
  0.034555027573061628000000,
  0.015880544863615904000000,
 -0.009007976136661580500000,
 -0.002574517688750223600000,
  0.001117518770890601600000,
  0.000466216960112886310000,
 -0.000070983303138141252000,
 -0.000034599772836212559000,


 -0.000034599772836212559000,
  0.000070983303138141252000,
  0.000466216960112886310000,
 -0.001117518770890601600000,
 -0.002574517688750223600000,
  0.009007976136661580500000,
  0.015880544863615904000000,
 -0.034555027573061628000000,
 -0.082301927106885983000000,
  0.071799821619312018000000,
  0.428483476377618740000000,
 -0.793777222625620560000000,
  0.405176902409616900000000,
  0.061123390002672869000000,
 -0.065771911281855500000000,
 -0.023452696141836267000000,
  0.007782596427325418200000,
  0.003793512864491014100000,
