  0.000892313668582314560000,
 -0.001629492012601732600000,
 -0.007346166327642093500000,
  0.016068943964776348000000,
  0.026682300156053072000000,
 -0.081266699680878754000000,
 -0.056077313316754807000000,
  0.415308407030430260000000,
  0.782238930920499010000000,
  0.434386056491468500000000,
 -0.066627474263425038000000,
 -0.096220442033987982000000,
  0.039334427123337491000000,
  0.025082261844864097000000,
 -0.015211731527946259000000,
 -0.005658286686610719900000,
  0.003751436157278457100000,
  0.001266561929298944500000,
 -0.000589020756244338310000,
 -0.000259974552487713240000,
  0.000062339034461007128000,
  0.000031229875865345646000,
 -0.000003259680236883367500,
 -0.000001784985003088261400,


 -0.000001784985003088261400,
  0.000003259680236883367500,
  0.000031229875865345646000,
 -0.000062339034461007128000,
 -0.000259974552487713240000,
  0.000589020756244338310000,
  0.001266561929298944500000,
 -0.003751436157278457100000,
 -0.005658286686610719900000,
  0.015211731527946259000000,
  0.025082261844864097000000,
 -0.039334427123337491000000,
 -0.096220442033987982000000,
  0.066627474263425038000000,
  0.434386056491468500000000,
 -0.782238930920499010000000,
  0.415308407030430260000000,
  0.056077313316754807000000,
 -0.081266699680878754000000,
 -0.026682300156053072000000,
  0.016068943964776348000000,
  0.007346166327642093500000,
 -0.001629492012601732600000,
 -0.000892313668582314560000,
